2253
1287
604
885
1117
2940
2140
3236
2899
3627
3279
452
286
2215
1445
169
873
780
2688
3156
1501
2873
3457
2691
2632
3553
1750
562
3686
1816
3096
1253
885
201
2647
1185
2938
3047
988
1497
3686
594
617
326
2900
1351
2778
327
3316
2093
789
130
2267
3711
800
3336
1422
578
3326
1427
3688
2900
713
1766
2585
3236
822
990
3704
137
145
998
2160
587
2415
3425
295
2632
2600
568
266
578
1049
1218
3602
1113
3420
1355
1251
816
1113
3065
3295
1381
3316
1487
773
3218
452
41
746
1850
1191
2962
3628
1523
923
3698
1596
2195
3371
1666
54
1134
1501
2108
2230
831
3711
2575
3417
1941
3420
816
3377
1175
2575
2267
2029
733
1751
169
19
1010
761
2322
1875
1543
1847
3245
2847
1829
1407
507
709
2194
1450
3654
1811
3181
3709
873
1751
2830
219
2093
1381
2345
1373
1049
1422
1052
3319
2108
3156
2131
736
1811
2950
633
2266
2837
112
1219
2653
2010
2710
1023
2273
1165
1556
2837
603
2207
667
761
880
3287
286
3218
85
3690
1351
3688
3536
3452
2600
2691
2949
248
1666
3537
699
1412
709
1730
2409
967
1023
403
1839
1841
1839
3007
2010
3410
677
2401
1847
63
2820
1132
1850
1163
825
2899
2585
495
165
594
562
584
1362
2415
924
1785
3529
3698
2472
1770
1340
2847
2774
677
564
1219
1248
1165
2066
2409
2442
1407
569
1770
135
1523
1152
833
3261
3704
1842
3581
1117
1253
1729
3238
3047
2706
881
2252
145
3229
833
3567
2962
1223
2820
2979
1875
1715
2207
1099
633
2072
1450
1703
699
605
2195
806
1785
1238
2160
1058
881
2570
1185
1473
1479
2253
1570
1479
2832
201
776
3581
1904
822
1408
825
1601
41
2157
3287
838
19
2012
3709
2917
2131
3062
1134
3321
2949
1973
295
3544
584
119
1497
1621
1729
2638
604
2832
1473
3219
3622
3238
1621
1816
3678
165
2158
713
125
3690
3489
1487
3114
219
3033
2029
986
831
2523
1052
1976
266
3657
3536
2300
326
2158
495
1663
2140
1904
1842
2326
2007
2252
1058
1683
3001
1362
3544
3553
861
3452
3657
3326
976
1373
126
3065
2800
1941
2060
3377
1813
3602
126
2345
2416
327
3489
85
1628
3279
1601
1163
3528
270
3567
1152
3497
3110
3529
806
544
3782
248
3321
2873
1948
3319
2523
800
2604
1175
2060
1355
1984
1251
2060
3417
2658
130
3033
2830
2373
1445
838
880
2689
950
2979
63
3557
497
1340
569
3496
2336
1412
1703
2378
3804
736
2917
780
3190
733
3033
789
1414
3295
126
1218
3146
3336
2523
2230
1616
2688
2917
3181
114
3043
1099
603
2992
3023
564
3410
221
758
967
2066
3693
1794
2266
1099
1135
1692
1010
838
2215
3124
773
3489
2778
2053
1427
3657
568
1003
3457
3321
54
536
1608
1703
2194
3604
3034
2066
2273
1882
2468
1841
1841
2572
446
2653
564
487
2771
1543
2979
366
874
746
1601
3627
2038
1766
2158
617
2990
1750
3544
3425
2998
196
806
1596
133
1045
569
1829
2450
2605
3410
2653
2648
406
2273
967
528
1478
1829
1340
2396
287
3628
3567
2073
3239
990
1904
2940
2942
3096
1621
988
242
883
1058
998
3658
3206
1152
3628
371
3255
63
1543
504
1593
603
2266
3090
993
2194
1412
3050
3738
1596
3529
2057
3328
998
2252
727
2094
2647
2832
1287
2344
2536
1473
2647
585
2835
1842
990
2461
398
1163
746
3575
3769
880
1010
3087
642
3181
736
2813
2943
54
248
3077
2660
3425
1362
2833
1981
988
3238
1176
2350
1287
1479
2536
991
1176
1729
3096
1571
2825
495
1766
294
2227
85
773
2411
1629
2830
733
1557
3220
2230
3319
2280
3760
568
3452
195
2671
617
165
2825
2765
2940
3581
2835
2202
727
881
883
1919
2833
584
1750
256
195
3536
1427
2483
1994
2345
3295
2856
1550
3417
1175
1170
413
1218
1373
1994
3254
2778
3690
2227
3017
3627
825
398
279
2073
833
3206
1665
2057
1785
196
2222
3077
2949
3457
844
2280
1052
3336
3259
1170
3377
1251
1982
1982
1355
1941
1550
1757
789
219
1629
2120
2215
3287
3769
502
366
2820
3255
166
2396
1770
1045
334
3050
699
1608
2985
2813
2131
2688
2724
1557
2029
130
1757
2856
3065
3602
413
3259
800
831
3220
2724
780
3709
642
906
1135
2207
1593
1300
487
677
2605
3697
528
2409
3034
790
3090
633
3043
906
3087
19
1445
2120
2411
1487
327
3254
2483
3326
266
3760
844
2873
1134
2943
2985
2378
1450
993
790
3693
1165
406
1763
2572
1839
2468
1763
2648
1219
3023
1300
504
1875
950
502
3575
41
3279
3017
294
713
326
2671
256
3553
295
2660
2222
544
2195
3738
334
3496
1407
1478
3697
221
2010
446
1763
1882
1023
758
3697
2450
2847
497
166
371
2962
270
279
2461
822
2140
2765
1571
1816
1497
1981
1919
1683
2160
3328
1665
3497
1523
287
166
3557
1847
2771
1300
2992
2837
1794
790
3604
709
2336
334
133
3698
3110
1665
3658
145
2007
2202
585
201
604
2350
991
3219
1185
2094
2202
2326
3704
3239
279
3528
1850
874
502
2689
761
1692
906
114
1811
3804
2985
536
1666
3782
2222
2998
2415
3001
1919
242
3047
3622
991
2344
2253
1570
2344
2350
2638
1253
2942
2765
1663
2585
2038
3017
1628
3218
3124
2120
2373
1751
3190
2724
1616
2108
1948
844
1003
2600
861
256
2990
594
3678
1571
2942
1117
776
585
2094
2570
2706
242
1981
119
562
2990
2671
2300
3688
2053
3254
2416
1381
1414
1757
2658
2575
2604
3259
3146
1049
976
2483
2053
1351
125
294
2038
2899
1408
2461
3239
3261
3229
3658
3328
1238
924
2998
2660
1973
2691
1003
3760
1976
1422
3146
413
1813
816
1984
1982
1984
3420
2800
2856
1414
2093
3114
2411
3124
286
2157
3575
874
1132
1223
371
287
135
2472
133
3738
605
3537
536
2943
3062
3156
1616
3220
986
2267
2658
1550
2800
1113
1813
1170
2604
3711
986
1557
3190
873
2012
3087
1692
667
1715
504
2771
2401
2774
2450
1478
2442
1730
3604
993
2072
2950
114
642
2012
169
2373
1629
3114
3316
2416
1994
976
578
1976
2280
1948
1501
3062
2813
3804
3654
2072
3090
1794
1556
1248
2648
446
3007
403
1882
406
1248
112
2992
1593
1715
2322
2689
3769
2157
452
1628
2227
125
2900
2300
195
861
2632
1973
3077
3782
3371
605
3050
2336
507
2442
528
758
2710
3007
2572
2468
403
2710
221
2605
2774
3245
3557
3255
1223
1191
3528
398
1408
3236
1663
2825
3678
3686
119
2833
3001
587
1238
2057
3110
923
135
2396
497
3245
2401
487
3023
112
1556
3693
3034
1730
507
3496
1045
2472
923
3497
3206
3229
137
2326
2835
776
885
2638
1176
3622
2938
2570
727
2007
137
3261
2073
270
1191
1132
366
950
2322
667
1135
3043
2950
3654
2378
1608
3537
3371
544
196
924
587
1683
883
2706
2938
3219
2536
1570
