3815
3408
399
2292
2215
3770
430
935
1175
2362
166
1836
1197
3147
2793
1906
2863
2587
2857
3520
1773
653
2352
1732
1848
701
2070
844
3701
233
3738
22
3221
1844
2529
2636
2133
365
198
784
3119
369
3580
3302
1356
1665
2436
652
1555
1032
650
1789
3040
1364
790
1004
1154
1747
2722
1838
2365
3667
2839
1536
329
2193
2853
2252
1274
826
359
1735
2959
695
3591
1377
3009
699
2519
2838
587
1871
567
2453
321
2603
2653
325
193
2336
614
1579
3744
1964
2257
3643
1788
504
2360
2970
687
2833
1276
1351
183
1461
2623
3437
856
3799
3450
2629
1785
3270
1645
46
3138
1632
789
1244
1715
2159
2524
1795
1086
220
1538
1917
3782
1566
939
1134
3387
1239
3760
405
3707
1092
475
205
2982
2640
56
11
3602
104
3652
783
811
2190
3684
2169
3106
3193
2246
440
992
39
3043
953
1525
2749
3625
2835
610
2669
2499
2361
2614
182
640
2122
1670
574
1940
143
606
1530
3457
2300
2689
737
1638
456
3516
1868
1615
2314
3711
348
936
111
3466
1724
1546
3076
748
1560
2422
1246
380
2738
503
1731
1921
2351
1810
2167
2875
2469
1528
2438
1422
3515
1100
1900
2370
1144
419
1505
1292
531
1501
1959
2909
3020
3413
3780
3532
2380
1493
1780
2976
3487
3451
1078
1156
2473
2515
1668
3381
2605
2303
3821
3588
304
1041
1224
3702
3676
867
1313
2139
3734
3557
1828
229
2698
1486
2154
3689
2166
1626
3110
893
3327
3297
3805
2728
1809
2761
1074
2227
3714
902
556
528
2065
3655
942
861
1649
2241
3601
155
457
333
2971
2168
1781
3275
81
1588
3661
1578
691
1456
847
848
1834
1997
2406
2871
1616
161
3134
526
2550
568
3556
230
1533
814
2508
2801
555
651
3636
3122
2679
2018
2804
2192
1003
3312
3443
3315
996
395
3090
2780
766
3554
2187
617
1754
1237
363
1478
1126
2974
703
3349
3508
25
1736
1442
168
3035
2123
2279
872
2709
964
1673
2815
3454
2929
3045
1696
3030
534
2462
1694
1256
3099
661
3458
2047
3772
616
976
820
2732
2243
2601
1769
2729
1570
2488
1138
1042
2059
1646
3499
2155
3241
2492
2840
1441
2580
1587
2507
3484
2454
3545
116
3333
1679
1571
887
2969
1194
393
926
68
1882
959
70
3634
2086
3143
3409
2120
2264
284
2594
1704
485
2945
516
2663
998
873
2955
2143
1561
299
234
238
1065
16
17
1843
1548
1572
906
2063
1916
191
59
423
3757
3449
968
376
1321
1013
3704
3637
1094
451
1400
3812
2713
1996
2160
2039
1640
2498
1455
3606
3127
1249
2506
3156
3430
667
326
785
2686
1054
518
2548
839
247
1915
89
495
1934
1800
1155
806
3311
1633
2298
2767
3002
2053
2987
2873
3539
3528
2244
905
989
1210
2003
1624
3334
2717
2824
2446
2045
2919
3121
1177
2010
1711
2995
2500
227
1158
675
1296
3160
3219
3036
1443
754
3518
3670
398
2932
2706
3289
3293
2699
2444
1230
2721
337
2562
676
1181
1995
2231
2558
2270
1682
1750
2637
2957
2695
1676
2546
3087
547
2478
1161
1863
300
2369
19
1080
3070
2584
3006
1416
1047
1737
3662
1637
3340
2581
3740
2396
2346
2239
3165
799
765
2836
3526
1056
2082
3598
402
1977
1427
3259
1131
2377
2268
3388
800
1716
2985
3377
409
2597
3411
2610
1289
1038
1327
2164
927
335
2431
569
1807
1222
367
2841
1229
1910
3657
2069
1770
2718
204
2991
3144
660
3640
1510
966
966
1510
3640
660
3144
2991
204
2718
1770
2069
3657
1910
1229
2841
367
1222
1807
569
2431
335
927
2164
1327
1038
1289
2610
3411
2597
409
3377
2985
1716
800
3388
2268
2377
1131
3259
1427
1977
402
3598
2082
1056
3526
2836
765
799
3165
2239
2346
2396
3740
2581
3340
1637
3662
1737
1047
1416
3006
2584
3070
1080
19
2369
300
1863
1161
2478
547
3087
2546
1676
2695
2957
2637
1750
1682
2270
2558
2231
1995
1181
676
2562
337
2721
1230
2444
2699
3293
3289
2706
2932
398
3670
3518
754
1443
3036
3219
3160
1296
675
1158
227
2500
2995
1711
2010
1177
3121
2919
2045
2446
2824
2717
3334
1624
2003
1210
989
905
2244
3528
3539
2873
2987
2053
3002
2767
2298
1633
3311
806
1155
1800
1934
495
89
1915
247
839
2548
518
1054
2686
785
326
667
3430
3156
2506
1249
3127
3606
1455
2498
1640
2039
2160
1996
2713
3812
1400
451
1094
3637
3704
1013
1321
376
968
3449
3757
423
59
191
1916
2063
906
1572
1548
1843
17
16
1065
238
234
299
1561
2143
2955
873
998
2663
516
2945
485
1704
2594
284
2264
2120
3409
3143
2086
3634
70
959
1882
68
926
393
1194
2969
887
1571
1679
3333
116
3545
2454
3484
2507
1587
2580
1441
2840
2492
3241
2155
3499
1646
2059
1042
1138
2488
1570
2729
1769
2601
2243
2732
820
976
616
3772
2047
3458
661
3099
1256
1694
2462
534
3030
1696
3045
2929
3454
2815
1673
964
2709
872
2279
2123
3035
168
1442
1736
25
3508
3349
703
2974
1126
1478
363
1237
1754
617
2187
3554
766
2780
3090
395
996
3315
3443
3312
1003
2192
2804
2018
2679
3122
3636
651
555
2801
2508
814
1533
230
3556
568
2550
526
3134
161
1616
2871
2406
1997
1834
848
847
1456
691
1578
3661
1588
81
3275
1781
2168
2971
333
457
155
3601
2241
1649
861
942
3655
2065
528
556
902
3714
2227
1074
2761
1809
2728
3805
3297
3327
893
3110
1626
2166
3689
2154
1486
2698
229
1828
3557
3734
2139
1313
867
3676
3702
1224
1041
304
3588
3821
2303
2605
3381
1668
2515
2473
1156
1078
3451
3487
2976
1780
1493
2380
3532
3780
3413
3020
2909
1959
1501
531
1292
1505
419
1144
2370
1900
1100
3515
1422
2438
1528
2469
2875
2167
1810
2351
1921
1731
503
2738
380
1246
2422
1560
748
3076
1546
1724
3466
111
936
348
3711
2314
1615
1868
3516
456
1638
737
2689
2300
3457
1530
606
143
1940
574
1670
2122
640
182
2614
2361
2499
2669
610
2835
3625
2749
1525
953
3043
39
992
440
2246
3193
3106
2169
3684
2190
811
783
3652
104
3602
11
56
2640
2982
205
475
1092
3707
405
3760
1239
3387
1134
939
1566
3782
1917
1538
220
1086
1795
2524
2159
1715
1244
789
1632
3138
46
1645
3270
1785
2629
3450
3799
856
3437
2623
1461
183
1351
1276
2833
687
2970
2360
504
1788
3643
2257
1964
3744
1579
614
2336
193
325
2653
2603
321
2453
567
1871
587
2838
2519
699
3009
1377
3591
695
2959
1735
359
826
1274
2252
2853
2193
329
1536
2839
3667
2365
1838
2722
1747
1154
1004
790
1364
3040
1789
650
1032
1555
652
2436
1665
1356
3302
3580
369
3119
784
198
365
2133
2636
2529
1844
3221
22
3738
233
3701
844
2070
701
1848
1732
2352
653
1773
3520
2857
2587
2863
1906
2793
3147
1197
1836
166
2362
1175
935
430
3770
2215
2292
399
3408
3815
